COUNT: 399
MEAN: 241.91228070175438
MEDIAN: 239.0
MODE: 393.0
VARIANCE: 21139.28625584062
SD: 145.39355644539623
Processed TC1.txt in 0.0009 seconds
