COUNT: 1977
MEAN: 250.7840161861406
MEDIAN: 247.0
MODE: 230.0
VARIANCE: 20795.88804398353
SD: 144.2077946713822
Processed TC2.txt in 0.0026 seconds
