COUNT: 12624
MEAN: 249.77621989860583
MEDIAN: 249.0
MODE: 94.0
VARIANCE: 21118.950393821862
SD: 145.32360576940644
Processed TC3.txt in 0.0124 seconds
