COUNT: 12624
MEAN: 149.00267347908746
MEDIAN: 147.75
MODE: 123.75
VARIANCE: 17009.26821851143
SD: 130.4195852566302
Processed TC4.txt in 0.0124 seconds
