COUNT: 307
MEAN: 241.49511400651465
MEDIAN: 241.0
MODE: 393.0
VARIANCE: 21229.17236166996
SD: 145.70234164786083
Processed TC5.txt in 0.0018 seconds
