COUNT: 3000
MEAN: 1.8790659927977473e+20
MEDIAN: 1.88008049965543e+20
MODE: 1.27620004531949e+20
VARIANCE: 1.1534749616069338e+40
SD: 1.0739995165766761e+20
Processed TC6.txt in 0.0056 seconds
