COUNT: 12767
MEAN: 2.474673954997149e+20
MEDIAN: 2.4664097307429e+20
MODE: 1.57638329490099e+20
VARIANCE: 2.091243115380632e+40
SD: 1.4461131060123312e+20
Processed TC7.txt in 0.0155 seconds
